3
1
4
2
5
6
9
7
10
12
11
8
13
15
14
18
16
17
21
20
22
24
23
25
26
27
28
30
29
31
33
32
34
36
37
39
38
40
41
43
45
44
42
48
49
50
51
47
35
46
19
52
54
55
53
56
57
58
59
63
60
62
66
64
67
65
68
71
72
73
74
75
76
77
78
79
80
81
82
84
85
86
87
70
83
69
61
88
90
93
91
92
89
94
96
95
97
99
98
100
102
103
101
105
104
108
106
107
111
110
112
109
114
113
115
117
118
116
120
119
123
121
122
124
126
125
127
129
130
128
132
131
135
133
136
134
138
137
139
141
144
142
140
143
145
147
148
146
150
149
153
151
152
154
156
155
159
157
160
162
158
161
163
165
166
164
168
169
167
171
170
174
172
175
173
177
176
180
178
181
179
183
184
182
186
185
189
187
190
188
192
193
191
194
196
195
198
197
201
202
200
199
204
203
207
205
206
208
210
211
209
213
212
214
216
217
215
219
218
222
220
223
221
225
226
224
228
227
229
231
232
230
234
235
237
233
236
240
238
241
239
243
244
246
242
247
245
249
248
250
252
253
251
255
254
256
258
259
261
257
260
262
264
265
267
268
266
270
269
271
273
272
274
276
275
279
278
280
282
281
283
285
286
288
287
289
290
291
292
294
293
295
296
297
298
300
284
263
277
299
303
301
304
302
305
306
307
309
310
308
312
311
315
313
314
316
318
317
319
321
322
324
320
323
325
327
328
326
330
329
331
333
332
334
336
335
337
339
338
340
342
343
341
345
346
344
348
347
349
351
352
350
354
355
353
357
356
358
360
359
363
361
364
362
366
367
365
369
368
370
372
373
371
375
374
376
378
377
379
381
380
382
384
383
387
385
386
388
390
391
389
393
394
392
396
397
399
395
398
400
402
401
403
405
406
408
404
409
411
407
410
412
414
415
413
417
416
418
420
419
421
423
422
424
426
427
425
429
428
430
432
431
433
435
434
436
438
437
441
439
442
440
444
447
443
445
446
448
450
451
449
453
452
456
454
457
459
455
458
460
462
465
463
461
464
466
468
467
469
471
472
470
474
473
475
477
476
478
479
481
483
484
486
488
487
489
490
492
491
493
495
494
496
497
498
499
500
502
503
504
501
485
480
482
507
505
506
508
510
509
511
513
512
514
515
517
519
518
520
522
523
525
524
526
527
528
531
529
532
534
533
535
536
537
538
539
540
541
543
542
544
545
530
516
521
546
547
548
550
551
552
553
555
554
558
557
559
561
560
562
564
563
565
567
566
568
569
571
572
574
575
576
577
570
549
556
573
579
582
578
581
580
585
583
584
588
586
591
589
587
590
594
592
595
597
593
596
600
598
599
601
603
604
602
606
605
609
607
608
610
612
613
611
615
614
616
618
617
619
621
622
620
624
623
625
627
628
626
630
631
629
632
633
634
636
635
639
637
640
638
642
645
643
641
644
648
649
647
646
651
650
654
652
653
655
657
656
660
658
661
659
663
662
664
666
665
667
668
669
670
672
671
673
675
674
676
678
677
679
681
680
684
682
683
685
687
686
690
688
689
691
693
694
692
696
695
699
697
698
700
702
701
703
705
706
704
708
709
707
711
712
710
714
715
713
717
718
716
720
721
723
719
724
722
726
725
727
729
728
730
732
731
733
735
734
738
736
737
741
739
742
740
744
743
747
745
746
748
750
751
753
749
752
754
756
755
757
759
760
758
762
761
763
765
766
764
771
768
767
769
770
772
774
775
773
777
776
778
780
781
779
783
782
784
786
785
787
789
790
788
792
795
793
791
794
796
798
797
801
799
800
804
805
803
807
806
808
810
809
813
811
812
814
816
815
817
819
818
821
823
825
824
826
827
828
829
830
832
833
820
802
822
831
837
835
838
836
840
841
839
843
842
846
845
844
847
849
848
850
852
851
853
855
854
856
858
857
859
861
860
834
862
864
863
865
867
870
868
866
869
871
873
874
872
876
875
877
879
882
878
880
881
883
885
888
886
884
887
889
891
890
892
894
895
893
897
896
898
900
901
899
903
902
904
907
906
905
909
908
912
910
913
911
915
914
918
916
917
919
921
920
922
923
925
924
927
930
928
929
926
931
933
932
934
936
935
937
939
938
940
942
943
945
941
944
946
948
949
947
950
951
954
952
953
957
955
956
958
960
959
961
963
966
964
962
965
967
969
968
972
970
971
973
975
976
974
978
979
977
981
984
980
982
985
983
987
988
986
990
991
989
993
992
994
996
997
999
995
998
1000
1002
1001
1003
1005
1004
1008
1006
1007
1009
1011
1010
1014
1012
1013
1015
1017
1016
1018
1020
1019
1023
1021
1022
1026
1024
1029
1027
1028
1025
1030
1032
1035
1033
1031
1036
1038
1039
1037
1041
1034
1044
1040
1042
1043
1045
1047
1048
1046
1050
1049
1051
1053
1052
1054
1055
1057
1056
1059
1060
1062
1058
1061
1063
1065
1067
1066
1069
1068
1064
1071
1074
1070
1073
1075
1077
1078
1079
1080
1083
1082
1081
1084
1086
1085
1087
1088
1089
1090
1091
1093
1095
1094
1096
1097
1072
1098
1076
1092
1099
1101
1102
1100
1104
1103
1107
1105
1108
1106
1109
1110
1111
1113
1112
1114
1115
1117
1119
1118
1120
1122
1121
1125
1123
1116
1124
1126
1128
1127
1129
1130
1131
1132
1134
1133
1137
1135
1138
1136
1140
1141
1139
1143
1142
1146
1144
1145
1149
1147
1150
1152
1153
1151
1155
1154
1156
1157
1159
1148
1158
1160
1161
1162
1164
1163
1165
1167
1166
1168
1170
1171
1169
1173
1172
1174
1176
1177
1175
1179
1178
1180
1182
1183
1181
1185
1184
1186
1188
1187
1189
1191
1190
1194
1192
1195
1193
1197
1198
1196
1200
1201
1199
1203
1202
1206
1204
1205
1207
1210
1209
1208
1212
1215
1211
1213
1216
1218
1214
1219
1217
1221
1220
1224
1222
1225
1223
1227
1226
1230
1229
1231
1228
1234
1236
1233
1235
1232
1239
1237
1240
1238
1241
1242
1245
1243
1246
1244
1247
1248
1251
1249
1250
1252
1254
1253
1255
1257
1258
1260
1261
1259
1256
1263
1262
1264
1266
1265
1267
1269
1268
1270
1272
1271
1275
1273
1274
1276
1278
1277
1279
1280
1281
1282
1283
1284
1287
1285
1286
1288
1289
1290
1291
1293
1292
1294
1296
1299
1297
1295
1300
1298
1302
1303
1305
1301
1304
1306
1308
1307
1309
1310
1312
1314
1313
1317
1316
1318
1320
1319
1321
1323
1324
1325
1326
1327
1329
1330
1331
1332
1333
1334
1328
1335
1315
1322
1338
1336
1311
1337
1339
1341
1344
1340
1343
1345
1346
1342
1347
1348
1350
1349
1353
1351
1352
1354
1356
1359
1355
1357
1358
1362
1360
1363
1361
1365
1366
1368
1364
1367
1371
1369
1372
1370
1374
1373
1377
1375
1378
1376
1380
1381
1379
1383
1384
1382
1386
1385
1387
1389
1390
1388
1392
1391
1393
1395
1396
1394
1398
1397
1401
1399
1400
1402
1404
1403
1405
1408
1407
1406
1410
1413
1409
1411
1414
1412
1416
1415
1417
1419
1420
1418
1422
1423
1421
1425
1426
1428
1424
1427
1429
1431
1430
1432
1434
1435
1437
1433
1438
1436
1440
1439
1441
1443
1442
1444
1446
1445
1447
1449
1450
1448
1452
1453
1455
1451
1456
1454
1458
1459
1461
1457
1460
1464
1465
1463
1467
1462
1466
1470
1468
1471
1469
1473
1472
1474
1476
1477
1475
1479
1478
1480
1482
1483
1481
1485
1486
1484
1488
1487
1491
1489
1490
1492
1494
1495
1493
1497
1496
1498
1500
1499
1503
1502
1504
1506
1505
1507
1509
1510
1512
1513
1514
1515
1516
1517
1518
1519
1521
1520
1522
1524
1523
1525
1526
1527
1528
1529
1530
1501
1532
1533
1535
1534
1531
1538
1536
1537
1539
1540
1542
1541
1543
1545
1511
1508
1548
1546
1547
1551
1550
1552
1549
1544
1554
1553
1557
1555
1556
1560
1558
1561
1559
1563
1562
1566
1564
1565
1567
1569
1568
1572
1570
1571
1576
1573
1575
1574
1578
1577
1581
1579
1584
1582
1580
1583
1585
1587
1588
1586
1590
1589
1591
1593
1594
1592
1596
1597
1595
1599
1600
1598
1602
1601
1603
1605
1604
1606
1608
1607
1609
1611
1614
1612
1610
1615
1613
1617
1618
1620
1616
1619
1621
1623
1622
1624
1626
1625
1629
1627
1628
1630
1632
1633
1631
1635
1634
1636
1638
1637
1639
1641
1640
1642
1644
1643
1647
1645
1648
1646
1650
1651
1653
1649
1652
1654
1656
1655
1659
1657
1658
1660
1662
1663
1665
1664
1668
1667
1669
1671
1670
1672
1674
1673
1675
1677
1676
1678
1679
1680
1681
1683
1682
1684
1686
1685
1689
1690
1666
1661
1687
1692
1693
1694
1696
1697
1698
1699
1700
1701
1702
1703
1705
1706
1707
1708
1695
1691
1688
1709
1713
1711
1712
1714
1716
1715
1717
1718
1720
1721
1722
1723
1724
1725
1726
1704
1710
1727
1728
1719
1729
1731
1730
1732
1734
1733
1735
1737
1736
1738
1740
1739
1743
1741
1742
1744
1746
1745
1747
1749
1748
1750
1752
1751
1753
1755
1756
1754
1758
1759
1757
1761
1760
1762
1764
1765
1763
1767
1766
1768
1770
1769
1773
1771
1772
1774
1776
1775
1777
1779
1782
1778
1780
1783
1781
1785
1786
1784
1788
1787
1789
1791
1790
1794
1792
1793
1795
1797
1798
1796
1800
1799
1801
1803
1802
1804
1806
1807
1805
1809
1808
1810
1812
1813
1811
1816
1814
1818
1817
1819
1821
1820
1824
1822
1823
1815
1825
1827
1828
1826
1829
1831
1833
1830
1832
1834
1836
1837
1835
1839
1838
1840
1842
1841
1845
1844
1848
1846
1847
1849
1851
1850
1852
1854
1855
1857
1856
1858
1860
1859
1861
1862
1864
1866
1865
1867
1868
1869
1870
1871
1873
1863
1872
1875
1876
1877
1879
1853
1843
1878
1874
1880
1881
1884
1882
1885
1883
1890
1887
1886
1888
1889
1891
1892
1893
1894
1896
1895
1897
1899
1898
1900
1901
1903
1902
1905
1904
1908
1906
1909
1907
1911
1910
1912
1914
1915
1917
1913
1916
1920
1918
1919
1921
1923
1922
1924
1926
1925
1927
1929
1928
1930
1931
1933
1932
1935
1934
1938
1936
1939
1937
1941
1940
1942
1944
1943
1945
1947
1948
1946
1951
1950
1949
1953
1954
1952
1956
1955
1957
1959
1962
1960
1958
1961
1965
1963
1964
1966
1968
1967
1969
1971
1972
1973
1975
1976
1978
1980
1979
1981
1982
1983
1985
1970
1987
1988
1989
1984
1974
1986
1977
1990
1992
1995
1993
1994
1991
1998
1996
1997
2001
1999
2000
2002
2004
2003
2005
2007
2006
2008
2010
2013
2009
2011
2014
2016
2012
2015
2017
2019
2018
2022
2020
2021
2023
2025
2026
2024
2028
2027
2031
2029
2030
2032
2033
2034
2037
2035
2036
2038
2040
2041
2039
2043
2044
2042
2046
2045
2049
2047
2048
2050
2051
2055
2053
2054
2058
2056
2057
2059
2061
2060
2065
2062
2063
2067
2068
2069
2070
2072
2073
2074
2075
2076
2077
2078
2079
2080
2081
2082
2083
2071
2084
2052
2064
2085
2066
2086
2088
2087
2089
2091
2090
2092
2094
2093
2095
2097
2098
2096
2100
2099
2101
2103
2102
2104
2106
2105
2107
2109
2108
2110
2112
2113
2115
2111
2114
2116
2118
2121
2117
2119
2120
2122
2124
2127
2125
2123
2126
2128
2130
2129
2131
2133
2134
2136
2132
2137
2135
2139
2138
2140
2142
2141
2143
2145
2146
2144
2148
2149
2147
2152
2151
2150
2154
2153
2155
2157
2158
2156
2160
2163
2161
2159
2162
2166
2164
2169
2167
2165
2170
2168
2172
2173
2171
2175
2174
2176
2178
2177
2179
2181
2180
2182
2184
2185
2183
2187
2186
2188
2190
2189
2191
2193
2194
2192
2196
2197
2195
2199
2200
2198
2202
2201
2203
2205
2206
2209
2207
2208
2204
2210
2214
2211
2212
2213
2217
2215
2218
2216
2220
2219
2223
2221
2222
2224
2226
2225
2229
2227
2228
2232
2230
2233
2231
2235
2234
2236
2238
2237
2239
2241
2242
2240
2244
2247
2246
2245
2248
2249
2250
2251
2253
2252
2256
2255
2254
2257
2259
2258
2260
2262
2261
2263
2265
2264
2268
2267
2269
2271
2270
2272
2274
2273
2275
2277
2276
2278
2279
2281
2283
2284
2266
2286
2285
2282
2287
2289
2288
2290
2291
2280
2243
2292
2293
2295
2294
2296
2297
2298
2299
2301
2300
2302
2304
2303
2305
2307
2308
2310
2306
2309
2311
2313
2314
2312
2316
2315
2319
2317
2318
2322
2320
2323
2321
2325
2326
2324
2328
2327
2329
2331
2330
2332
2334
2335
2333
2337
2336
2338
2340
2339
2343
2341
2342
2346
2344
2347
2345
2352
2350
2348
2349
2351
2353
2355
2356
2354
2357
2358
2359
2361
2360
2362
2364
2365
2363
2367
2366
2370
2368
2369
2371
2373
2372
2374
2376
2375
2377
2379
2380
2378
2382
2381
2383
2385
2386
2384
2388
2387
2389
2391
2392
2390
2394
2393
2395
2397
2398
2396
2400
2401
2399
2403
2402
2406
2404
2405
2407
2409
2410
2408
2412
2413
2411
2415
2414
2416
2418
2419
2417
2421
2422
2420
2424
2425
2423
2427
2426
2428
2430
2429
2431
2433
2434
2436
2435
2438
2440
2441
2442
2443
2444
2445
2447
2446
2432
2437
2439
2448
2449
2452
2450
2454
2453
2455
2459
2458
2457
2451
2456
2460
2461
2463
2464
2462
2465
2466
2469
2468
2470
2471
2473
2475
2474
2476
2478
2477
2479
2481
2480
2482
2484
2483
2485
2487
2486
2490
2488
2489
2491
2493
2492
2494
2496
2495
2499
2498
2467
2497
2500
2502
2501
2503
2472
2504
2505
2506
2508
2507
2509
2511
2512
2510
2514
2513
2515
2517
2516
2520
2518
2521
2519
2523
2522
2526
2524
2525
2527
2529
2532
2528
2530
2531
2533
2535
2534
2538
2536
2539
2537
2541
2542
2540
2544
2543
2545
2547
2546
2548
2550
2549
2553
2552
2554
2556
2557
2558
2559
2560
2562
2561
2563
2565
2564
2568
2566
2567
2569
2571
2570
2572
2574
2573
2575
2577
2576
2578
2580
2579
2583
2581
2582
2584
2586
2555
2587
2551
2585
2589
2588
2592
2590
2593
2591
2594
2595
2598
2597
2599
2601
2600
2602
2604
2603
2605
2607
2606
2610
2609
2612
2614
2615
2616
2617
2618
2619
2611
2608
2596
2613
2622
2623
2621
2624
2625
2626
2628
2627
2629
2631
2630
2634
2632
2633
2635
2637
2638
2640
2639
2641
2643
2642
2646
2645
2647
2649
2644
2636
2620
2648
2652
2650
2653
2651
2655
2654
2656
2658
2661
2657
2659
2660
2662
2664
2665
2667
2663
2666
2668
2670
2669
2671
2673
2672
2674
2676
2675
2679
2677
2678
2680
2682
2685
2683
2681
2684
2686
2688
2689
2687
2691
2690
2692
2694
2695
2693
2697
2696
2698
2700
2699
2703
2701
2702
2704
2706
2705
2707
2709
2710
2712
2708
2713
2711
2715
2714
2718
2716
2719
2717
2721
2722
2720
2724
2723
2725
2727
2726
2730
2728
2731
2729
2733
2734
2732
2736
2735
2737
2739
2740
2738
2742
2743
2741
2745
2744
2746
2748
2749
2751
2747
2750
2754
2752
2755
2753
2757
2756
2760
2758
2763
2764
2762
2766
2765
2761
2759
2767
2768
2772
2769
2775
2773
2774
2776
2778
2777
2779
2781
2780
2783
2784
2785
2786
2787
2788
2789
2790
2791
2792
2793
2794
2796
2771
2782
2770
2797
2799
2798
2800
2801
2802
2805
2803
2795
2806
2804
2808
2811
2809
2807
2810
2812
2814
2813
2815
2817
2818
2820
2821
2819
2823
2822
2826
2824
2825
2816
2829
2827
2830
2828
2832
2831
2833
2836
2834
2838
2837
2835
2839
2841
2840
2842
2843
2844
2847
2845
2848
2846
2850
2851
2849
2853
2854
2852
2856
2857
2859
2855
2860
2862
2858
2863
2861
2865
2866
2864
2868
2867
2871
2869
2870
2872
2874
2873
2875
2877
2876
2880
2878
2879
2881
2883
2884
2882
2886
2887
2885
2889
2888
2892
2890
2891
2893
2895
2896
2898
2894
2899
2897
2901
2900
2902
2904
2903
2907
2908
2905
2906
2910
2913
2909
2911
2912
2916
2914
2917
2915
2919
2918
2920
2922
2921
2925
2923
2926
2924
2928
2929
2931
2930
2932
2933
2935
2936
2937
2938
2939
2941
2942
2944
2945
2943
2934
2940
2927
2949
2947
2950
2948
2952
2953
2951
2955
2954
2958
2957
2959
2961
2960
2946
2962
2964
2967
2965
2966
2970
2968
2956
2969
2963
2971
2973
2976
2974
2972
2975
2977
2979
2978
2980
2982
2981
2983
2985
2984
2986
2988
2987
2989
2991
2992
2990
2994
2993
2997
2995
2998
2996
3000
2999
3001
3003
3002
3006
3004
3005
3007
3009
3008
3010
3012
3011
3013
3015
3016
3014
3018
3017
3019
3020
3022
3024
3023
3027
3026
3028
3030
3029
3031
3033
3032
3034
3036
3035
3037
3039
3038
3040
3041
3042
3045
3044
3046
3047
3048
3049
3051
3050
3052
3053
3054
3055
3057
3056
3058
3059
3060
3061
3063
3064
3065
3025
3062
3043
3066
3021
3067
3069
3068
3072
3070
3071
3073
3075
3076
3074
3078
3077
3079
3081
3080
3082
3084
3083
3087
3085
3088
3086
3090
3089
3093
3092
3096
3095
3099
3098
3100
3101
3102
3103
3105
3106
3107
3108
3104
3094
3097
3091
3111
3112
3114
3110
3113
3115
3117
3118
3120
3116
3119
3121
3124
3122
3123
3126
3125
3127
3129
3130
3128
3131
3132
3133
3135
3134
3136
3138
3137
3141
3139
3140
3142
3144
3143
3145
3147
3146
3150
3148
3149
3151
3153
3152
3154
3156
3155
3157
3159
3158
3160
3162
3163
3161
3165
3166
3164
3168
3167
3169
3171
3172
3170
3174
3173
3177
3175
3178
3176
3180
3183
3181
3179
3184
3182
3186
3187
3185
3189
3188
3192
3190
3193
3191
3195
3194
3196
3198
3197
3201
3199
3202
3204
3200
3205
3203
3207
3210
3208
3206
3209
3211
3213
3214
3212
3215
3216
3217
3219
3222
3220
3218
3221
3223
3225
3226
3224
3228
3227
3229
3231
3230
3232
3234
3233
3235
3237
3238
3240
3236
3239
3241
3243
3244
3246
3242
3245
3247
3249
3250
3252
3248
3253
3251
3255
3256
3254
3258
3259
3261
3260
3262
3264
3263
3257
3265
3267
3266
3268
3270
3269
3273
3271
3272
3274
3276
3275
3277
3279
3280
3278
3282
3281
3285
3283
3284
3286
3287
3289
3291
3290
3292
3294
3293
3295
3297
3296
3300
3298
3299
3301
3302
3304
3303
3306
3305
3307
3308
3310
3311
3309
3312
3313
3315
3314
3316
3318
3317
3319
3321
3320
3322
3324
3326
3327
3329
3330
3331
3332
3323
3325
3328
3288
3333
3336
3337
3334
3339
3335
3338
3340
3342
3343
3341
3345
3348
3346
3344
3347
3349
3351
3352
3350
3353
3354
3355
3357
3356
3358
3360
3359
3361
3363
3366
3364
3362
3365
3367
3369
3370
3368
3372
3371
3375
3373
3374
3376
3378
3377
3379
3381
3382
3380
3384
3383
3385
3387
3388
3390
3386
3389
3391
3393
3394
3396
3392
3395
3397
3399
3400
3398
3402
3401
3405
3403
3404
3406
3408
3409
3411
3407
3410
3412
3414
3413
3417
3415
3416
3418
3420
3421
3419
3423
3422
3424
3426
3425
3427
3429
3430
3432
3428
3433
3431
3435
3434
3438
3441
3437
3436
3439
3440
3444
3442
3445
3443
3447
3446
3448
3450
3449
3451
3453
3452
3454
3456
3457
3455
3459
3460
3458
3462
3461
3465
3463
3466
3464
3468
3469
3467
3471
3470
3474
3472
3475
3473
3476
3477
3480
3478
3479
3483
3481
3484
3486
3485
3489
3488
3490
3492
3491
3493
3495
3496
3497
3498
3500
3482
3501
3487
3494
3499
3502
3504
3503
3505
3506
3508
3510
3509
3511
3513
3512
3514
3516
3515
3517
3518
3519
3507
3520
3522
3521
3525
3523
3524
3528
3526
3527
3529
3531
3530
3532
3534
3537
3533
3535
3538
3536
3540
3539
3541
3543
3544
3542
3546
3547
3545
3549
3548
3550
3552
3551
3553
3555
3554
3558
3556
3559
3557
3561
3564
3562
3560
3565
3563
3567
3566
3568
3570
3569
3571
3573
3572
3574
3576
3575
3577
3579
3578
3582
3580
3583
3581
3585
3584
3586
3588
3587
3591
3589
3590
3592
3594
3593
3595
3597
3596
3600
3598
3601
3603
3604
3599
3602
3606
3605
3607
3609
3608
3610
3612
3611
3613
3615
3614
3616
3618
3617
3621
3619
3620
3622
3624
3625
3623
3627
3626
3628
3630
3631
3633
3632
3634
3636
3635
3637
3639
3640
3642
3641
3643
3644
3645
3646
3648
3647
3649
3650
3651
3652
3654
3655
3653
3657
3656
3658
3660
3659
3661
3662
3664
3666
3665
3668
3663
3667
3670
3672
3671
3629
3674
3676
3677
3678
3679
3680
3638
3681
3673
3669
3682
3684
3685
3683
3687
3686
3688
3690
3675
3693
3691
3692
3694
3695
3699
3698
3700
3701
3703
3702
3705
3704
3706
3707
3708
3709
3710
3711
3712
3714
3713
3715
3716
3717
3718
3720
3719
3721
3722
3723
3724
3725
3727
3696
3729
3726
3728
3689
3732
3730
3731
3733
3735
3734
3736
3737
3739
3741
3740
3742
3743
3745
3747
3746
3748
3750
3749
3751
3753
3752
3754
3756
3755
3757
3759
3758
3760
3761
3763
3764
3765
3766
3768
3769
3762
3744
3767
3738
3771
3774
3770
3772
3773
3775
3777
3776
3778
3780
3779
3783
3781
3784
3782
3786
3787
3789
3785
3788
3790
3792
3793
3795
3791
3794
3796
3798
3801
3799
3797
3800
3804
3802
3803
3805
3807
3808
3806
3810
3809
3811
3813
3814
3816
3812
3817
3815
3819
3818
3820
3822
3823
3821
3825
3826
3824
3828
3829
3831
3827
3832
3830
3834
3833
3835
3837
3836
3838
3839
3840
3841
3843
3846
3842
3844
3845
3847
3849
3850
3848
3852
3851
3853
3855
3854
3858
3856
3857
3861
3859
3862
3860
3864
3867
3865
3863
3866
3868
3870
3871
3869
3873
3872
3874
3875
3879
3877
3878
3882
3880
3881
3883
3885
3884
3888
3887
3886
3889
3891
3892
3894
3893
3895
3897
3899
3900
3901
3898
3896
3890
3876
3902
3903
3906
3904
3907
3905
3909
3910
3908
3912
3911
3915
3913
3916
3914
3918
3917
3919
3920
3922
3923
3925
3927
3926
3928
3930
3931
3932
3933
3934
3935
3921
3924
3929
3936
3939
3937
3938
3940
3942
3941
3943
3945
3948
3944
3946
3947
3949
3951
3952
3950
3954
3953
3955
3957
3956
3960
3958
3959
3961
3963
3962
3964
3966
3969
3967
3970
3968
3971
3973
3974
3975
3976
3978
3977
3979
3981
3980
3982
3984
3983
3985
3987
3986
3988
3989
3991
3992
3965
3990
3972
3995
3996
3997
3993
3994
4000
3998
4001
3999
4002
4005
4004
4006
4007
4010
4003
4011
4009
4012
4015
4013
4016
4017
4020
4018
4019
4021
4022
4023
4025
4024
4027
4028
4030
4029
4031
4032
4033
4034
4035
4036
4037
4008
4038
4026
4014
4039
4040
4041
4042
4045
4043
4046
4044
4047
4050
4048
4049
4051
4055
4053
4056
4052
4054
4057
4058
4060
4059
4061
4062
4065
4066
4063
4064
4067
4070
4068
4069
4071
4072
4075
4073
4076
4074
4077
4080
4079
4081
4078
4082
4083
4085
4086
4087
4084
4090
4088
4091
4089
4092
4095
4096
4094
4093
4097
4098
4100
4101
4102
4099
4103
4104
4106
4107
4108
4110
4109
4111
4112
4113
4115
4114
4116
4118
4117
4120
4119
4123
4124
4125
4126
4127
4128
4129
4130
4131
4132
4133
4135
4136
4122
4121
4105
4137
4140
4134
4138
4141
4139
4142
4143
4145
4144
4146
4147
4148
4150
4151
4149
4152
4155
4156
4153
4154
4160
4157
4158
4159
4161
4162
4165
4163
4164
4166
4167
4170
4168
4171
4169
4172
4175
4173
4174
4176
4177
4178
4180
4181
4182
4179
4185
4183
4186
4184
4187
4190
4188
4191
4189
4192
4195
4193
4194
4196
4197
4200
4198
4201
4199
4202
4205
4203
4206
4204
4207
4210
4208
4211
4209
4212
4215
4213
4214
4216
4217
4220
4221
4218
4219
4222
4225
4226
4223
4224
4227
4230
4228
4229
4231
4232
4234
4233
4236
4240
4239
4242
4237
4238
4245
4243
4244
4246
4247
4248
4250
4251
4249
4252
4255
4253
4254
4256
4257
4258
4260
4259
4261
4262
4263
4264
4266
4267
4235
4265
4268
4271
4272
4269
4275
4273
4274
4276
4278
4279
4280
4282
4270
4277
4241
4283
4285
4286
4287
4284
4290
4291
4288
4292
4293
4294
4295
4296
4298
4281
4297
4299
4300
4301
4302
4303
4305
4304
4306
4307
4310
4309
4311
4312
4315
4314
4316
4289
4313
4308
4317
4320
4318
4321
4319
4322
4325
4326
4324
4323
4327
4330
4331
4328
4332
4329
4335
4333
4336
4334
4337
4338
4340
4339
4341
4342
4345
4346
4343
4344
4347
4350
4348
4351
4349
4352
4355
4353
4356
4354
4360
4357
4358
4361
4359
4362
4366
4363
4364
4367
4370
4368
4369
4371
4373
4375
4374
4376
4377
4378
4380
4379
4381
4382
4383
4385
4386
4384
4387
4389
4390
4391
4392
4393
4395
4394
4397
4372
4398
4400
4399
4401
4402
4404
4405
4406
4407
4388
4408
4410
4365
4409
4396
4403
4411
4412
4415
4413
4416
4414
4420
4418
4421
4419
4422
4425
4423
4424
4426
4427
4428
4430
4429
4431
4432
4433
4435
4434
4436
4437
4440
4438
4417
4439
4441
4442
4445
4443
4446
4444
4450
4447
4451
4448
4449
4455
4452
4453
4456
4454
4457
4458
4460
4461
4459
4462
4463
4465
4464
4466
4467
4470
4468
4469
4471
4472
4475
4473
4476
4474
4477
4478
4480
4481
4479
4485
4482
4483
4484
4486
4487
4490
4488
4491
4489
4492
4495
4493
4496
4497
4500
4498
4499
4501
4502
4503
4506
4504
4507
4510
4509
4511
4513
4514
4515
4516
4517
4518
4519
4508
4505
4494
4512
4521
4522
4523
4525
4526
4527
4528
4530
4529
4531
4532
4533
4535
4534
4536
4538
4539
4540
4541
4542
4524
4537
4520
4545
4543
4546
4547
4544
4550
4548
4551
4549
4552
4553
4556
4554
4555
4557
4558
4560
4561
4562
4559
4565
4563
4564
4566
4567
4568
4570
4571
4569
4572
4575
4573
4574
4576
4577
4578
4580
4581
4582
4579
4583
4585
4584
4586
4587
4588
4591
4589
4592
4595
4593
4594
4597
4598
4596
4600
4599
4601
4602
4603
4605
4606
4604
4607
4608
4610
4609
4611
4612
4613
4615
4616
4614
4617
4618
4620
4621
4619
4625
4623
4626
4627
4628
4629
4630
4624
4590
4622
4631
4632
4635
4633
4634
4636
4637
4640
4638
4639
4641
4642
4645
4643
4646
4644
4647
4650
4648
4651
4649
4652
4653
4655
4654
4656
4657
4660
4658
4661
4659
4662
4665
4663
4666
4664
4670
4671
4669
4668
4672
4675
4673
4676
4674
4677
4678
4680
4679
4682
4683
4685
4684
4686
4689
4690
4691
4692
4693
4688
4667
4681
4687
4694
4695
4696
4697
4698
4700
4699
4701
4705
4703
4704
4706
4702
4707
4708
4711
4712
4713
4710
4709
4715
4716
4717
4718
4714
4720
4719
4721
4725
4722
4726
4723
4724
4727
4730
4728
4731
4729
4732
4733
4735
4734
4736
4740
4737
4741
4738
4739
4742
4745
4743
4744
4746
4750
4748
4747
4751
4749
4755
4752
4753
4756
4754
4757
4758
4760
4761
4759
4762
4765
4763
4766
4764
4767
4770
4771
4769
4772
4775
4773
4776
4774
4777
4780
4778
4779
4781
4785
4783
4784
4782
4786
4788
4787
4789
4790
4791
4793
4795
4796
4797
4798
4799
4800
4801
4802
4803
4768
4804
4805
4806
4792
4807
4794
4808
4810
4811
4809
4812
4815
4813
4814
4816
4817
4820
4818
4821
4822
4819
4825
4823
4826
4827
4824
4830
4828
4829
4831
4832
4835
4833
4834
4837
4838
4840
4839
4841
4842
4845
4843
4844
4846
4847
4848
4850
4836
4849
4851
4852
4855
4853
4856
4854
4857
4860
4858
4861
4859
4865
4862
4866
4863
4864
4867
4870
4868
4871
4869
4872
4875
4876
4874
4873
4877
4880
4878
4881
4879
4882
4883
4885
4884
4886
4887
4890
4888
4891
4889
4892
4893
4895
4894
4896
4897
4900
4901
4902
4905
4903
4904
4906
4907
4908
4909
4911
4912
4913
4915
4914
4916
4917
4918
4920
4919
4921
4922
4923
4924
4925
4926
4927
4928
4910
4929
4930
4899
4931
4932
4933
4934
4935
4936
4898
4937
4940
4939
4938
4941
4942
4943
4945
4944
4946
4950
4947
4951
4948
4949
4955
4952
4953
4956
4954
4957
4960
4958
4961
4959
4965
4962
4963
4966
4964
4967
4970
4968
4971
4969
4972
4975
4973
4976
4974
4977
4980
4978
4979
4981
4982
4985
4986
4983
4987
4984
4990
4988
4991
4989
4992
4995
4993
4996
4994
4997
5000
4998
5001
4999
5002
5003
5005
5004
5006
5007
5008
5010
5009
5011
5012
5015
5013
5016
5014
5017
5020
5021
5019
5022
5025
5023
5024
5026
5027
5030
5028
5029
5031
5033
5035
5036
5034
5038
5039
5040
5041
5043
5044
5045
5046
5032
5037
5042
5050
5047
5018
5048
5049
5051
5055
5052
5053
5054
5056
5057
5058
5060
5061
5059
5062
5065
5063
5064
5066
5067
5070
5068
5069
5072
5071
5075
5073
5074
5076
5077
5080
5081
5079
5078
5082
5083
5086
5087
5084
5090
5091
5088
5089
5095
5092
5093
5096
5098
5099
5100
5101
5102
5103
5104
5105
5106
5107
5108
5109
5110
5111
5112
5113
5114
5115
5117
5116
5118
5119
5120
5121
5122
5085
5094
5123
5097
5124
5125
5126
5127
5128
5130
5129
5131
5132
5135
5133
5134
5136
5137
5138
5140
5141
5139
5142
5145
5146
5143
5144
5150
5147
5148
5149
5151
5152
5155
5153
5154
5156
5157
5160
5158
5161
5159
5165
5163
5166
5164
5170
5167
5168
5169
5171
5162
5172
5175
5173
5174
5176
5177
5180
5181
5179
5178
5182
5185
5183
5186
5184
5187
5190
5189
5188
5191
5192
5195
5193
5196
5197
5194
5200
5198
5201
5199
5202
5203
5205
5206
5204
5207
5210
5208
5209
5211
5212
5215
5213
5214
5216
5217
5220
5218
5221
5219
5222
5225
5223
5224
5227
5226
5230
5228
5229
5231
5232
5233
5235
5234
5237
5240
5238
5236
5239
5241
5242
5243
5245
5244
5246
5247
5250
5248
5251
5249
5252
5256
5254
5255
5257
5260
5258
5261
5259
5262
5263
5265
5264
5266
5267
5268
5270
5269
5271
5272
5275
5274
5273
5276
5280
5277
5278
5279
5281
5282
5283
5285
5284
5286
5287
5290
5288
5289
5292
5291
5293
5294
5296
5297
5298
5300
5253
5295
5301
5299
5302
5305
5306
5303
5304
5310
5307
5308
5311
5309
5312
5313
5315
5316
5314
5317
5320
5318
5321
5319
5322
5325
5323
5326
5324
5327
5330
5331
5328
5329
5332
5335
5333
5334
5336
5337
5338
5340
5341
5339
5342
5345
5343
5344
5346
5347
5350
5351
5348
5349
5352
5355
5353
5356
5354
5357
5360
5358
5361
5359
5362
5365
5363
5364
5366
5367
5368
5370
5371
5369
5372
5375
5373
5374
5376
5377
5378
5380
5381
5379
5382
5385
5386
5383
5384
5387
5390
5388
5391
5389
5392
5395
5396
5393
5394
5397
5400
5401
5398
5399
5402
5405
5403
5406
5404
5407
5410
5408
5411
5409
5412
5413
5415
5414
5416
5417
5420
5418
5421
5419
5422
5425
5426
5423
5424
5427
5428
5430
5431
5429
5432
5433
5435
5434
5436
5437
5440
5438
5441
5439
5442
5445
5443
5446
5444
5447
5448
5450
5451
5449
5452
5455
5453
5456
5454
5457
5460
5458
5459
5461
5462
5463
5465
5466
5464
5470
5467
5468
5471
5469
5475
5473
5474
5476
5472
5477
5480
5478
5479
5481
5482
5485
5483
5486
5484
5487
5490
5491
5488
5489
5492
5495
5493
5494
5496
5497
5498
5500
5501
5499
5502
5505
5503
5504
5506
5507
5510
5511
5508
5509
5512
5513
5515
5516
5514
5517
5520
5518
5519
5521
5522
5525
5523
5526
5524
5527
5528
5530
5531
5529
5532
5535
5533
5536
5534
5537
5538
5539
5542
5545
5544
5546
5548
5549
5550
5551
5552
5541
5540
5543
5553
5547
5555
5556
5557
5554
5558
5560
5561
5559
5562
5563
5565
5566
5564
5567
5568
5570
5571
5569
5572
5575
5573
5576
5574
5577
5580
5578
5581
5579
5585
5582
5583
5584
5586
5587
5588
5590
5591
5589
5592
5595
5593
5594
5596
5597
5600
5598
5601
5599
5602
5605
5603
5604
5606
5607
5610
5608
5611
5609
5612
5613
5615
5614
5616
5617
5618
5621
5619
5620
5622
5625
5626
5623
5624
5627
5630
5628
5629
5631
5632
5635
5633
5636
5634
5637
5640
5638
5641
5642
5639
5645
5643
5646
5647
5644
5650
5648
5651
5649
5652
5655
5653
5656
5657
5654
5660
5658
5659
5661
5665
5662
5663
5666
5664
5667
5670
5668
5669
5671
5672
5673
5675
5674
5676
5680
5677
5678
5679
5681
5682
5683
5685
5686
5684
5687
5690
5688
5691
5689
5692
5695
5696
5693
5694
5697
5700
5698
5701
5699
5702
5703
5705
5704
5706
5707
5710
5708
5711
5709
5712
5715
5713
5716
5714
5717
5720
5718
5721
5719
5722
5725
5723
5724
5726
5727
5730
5731
5728
5729
5732
5735
5733
5736
5737
5734
5740
5738
5741
5739
5742
5745
5746
5743
5744
5747
5750
5751
5748
5749
5752
5755
5753
5756
5754
5757
5758
5760
5761
5759
5762
5765
5763
5766
5764
5767
5770
5768
5771
5772
5769
5775
5773
5776
5774
5777
5780
5781
5778
5779
5782
5785
5786
5787
5784
5783
5790
5788
5789
5791
5795
5792
5796
5793
5794
5797
5800
5801
5798
5799
5802
5803
5805
5804
5806
5807
5810
5808
5809
5811
5812
5815
5816
5813
5814
5817
5820
5818
5821
5819
5822
5823
5825
5826
5824
5827
5830
5828
5829
5831
5832
5835
5833
5836
5834
5837
5840
5838
5839
5841
5842
5843
5845
5844
5847
5850
5848
5849
5851
5853
5855
5854
5857
5858
5860
5861
5852
5859
5846
5862
5865
5863
5866
5867
5870
5869
5871
5872
5864
5856
5868
5873
5874
5875
5877
5876
5878
5880
5879
5881
5882
5883
5885
5886
5884
5887
5890
5891
5888
5889
5892
5895
5893
5894
5896
5897
5898
5900
5901
5899
5902
5903
5905
5906
5904
5907
5910
5908
5911
5909
5912
5915
5913
5916
5914
5917
5918
5920
5921
5919
5922
5925
5923
5926
5924
5927
5930
5928
5931
5929
5932
5935
5933
5934
5937
5936
5940
5938
5939
5941
5945
5942
5943
5944
5946
5947
5948
5950
5949
5951
5952
5955
5956
5953
5954
5960
5957
5958
5961
5959
5962
5965
5963
5966
5964
5970
5971
5969
5972
5973
5974
5975
5976
5977
5978
5979
5980
5981
5982
5983
5984
5985
5986
5987
5988
5990
5989
5991
5992
5993
5995
5994
5996
5997
6000
5998
5999
5968
5967
