1
3
6
4
8
2
5
10
13
11
15
14
16
18
19
17
21
20
22
24
27
26
30
29
31
33
32
34
35
36
9
12
25
37
38
7
28
23
42
39
45
46
43
40
44
41
48
47
51
54
52
49
50
55
53
57
60
58
56
61
59
63
64
66
62
69
65
67
72
70
68
75
73
71
76
74
81
79
78
77
82
80
87
83
88
90
86
89
91
94
92
95
96
99
97
98
100
102
103
101
105
108
106
104
107
109
112
111
110
114
113
117
115
116
120
119
121
123
122
124
126
125
127
129
130
128
132
133
135
134
136
138
118
93
84
139
85
137
131
140
141
144
145
142
147
143
150
148
146
153
149
151
156
152
154
157
159
155
162
160
161
165
158
163
166
164
168
167
171
169
172
170
177
174
173
175
178
176
180
179
181
183
184
186
182
187
185
192
190
188
193
191
195
198
194
196
197
201
199
200
204
202
207
203
206
208
209
211
212
214
216
217
219
215
218
220
222
221
223
225
224
228
226
227
229
231
230
234
232
233
237
235
238
236
240
239
241
243
244
242
245
247
249
248
252
250
251
253
255
254
189
205
213
258
256
210
257
246
261
262
259
264
267
260
265
268
263
266
273
270
271
269
272
276
274
275
277
279
278
280
282
285
283
284
288
281
286
287
289
294
290
291
292
295
293
297
300
298
303
301
299
306
304
305
307
309
310
312
311
314
308
313
315
318
316
319
317
321
320
324
322
323
327
325
326
328
330
329
331
333
332
336
335
334
339
337
342
338
340
343
344
346
348
345
347
351
349
350
354
353
357
356
358
359
361
363
352
302
341
296
355
360
362
366
364
369
367
365
368
370
372
375
371
373
376
374
378
377
379
384
382
380
383
385
387
390
386
389
393
391
394
395
397
399
398
400
402
403
401
405
404
406
408
407
409
410
412
414
413
415
417
416
418
420
419
421
422
424
423
425
426
429
430
431
432
411
433
388
396
381
392
427
435
434
438
436
439
441
440
437
442
444
447
443
450
446
448
449
453
451
454
456
452
455
459
457
458
461
463
465
466
468
467
469
470
472
474
473
475
476
477
479
480
481
464
483
428
482
462
478
486
484
487
485
489
492
490
488
491
493
495
496
494
498
497
499
501
500
504
502
503
505
471
445
460
508
510
509
511
513
514
516
515
517
519
518
520
522
523
521
525
524
526
528
527
529
531
532
534
535
533
537
536
540
538
542
543
544
545
546
547
548
549
550
551
506
539
552
541
530
512
507
553
558
555
559
556
557
554
560
561
564
562
565
567
563
568
570
566
569
571
573
576
572
575
577
574
579
580
582
578
585
581
588
584
583
586
591
587
589
594
592
595
593
597
590
600
596
598
603
599
601
602
604
606
609
607
610
608
613
615
611
614
616
618
621
619
617
620
622
624
625
627
626
629
632
633
630
636
634
635
637
639
638
642
640
641
643
645
644
646
648
647
649
651
650
652
654
653
655
657
656
658
660
659
612
605
628
661
663
662
666
664
667
669
665
668
670
672
675
671
673
631
623
676
678
674
677
681
679
684
680
682
687
683
685
688
690
686
693
691
689
694
696
692
695
699
697
702
700
698
705
701
703
706
708
704
707
711
709
714
712
710
717
715
713
718
720
716
723
721
719
726
722
724
729
727
725
732
730
728
733
731
735
738
736
734
739
737
741
742
744
740
743
745
747
750
746
748
751
749
753
752
754
756
757
755
759
762
758
760
765
761
768
764
769
766
763
767
770
771
772
774
777
773
775
776
780
778
781
779
783
782
786
784
787
785
789
792
790
788
791
793
795
798
796
794
801
797
799
802
800
804
807
803
805
808
806
810
811
809
813
816
819
812
817
815
818
814
820
822
821
823
825
824
828
826
831
827
829
834
830
832
833
837
835
838
840
843
836
839
841
844
846
842
849
845
847
848
850
852
855
853
851
854
858
856
859
857
861
864
860
865
863
862
867
868
870
866
873
869
871
874
876
872
879
877
875
880
878
882
881
885
883
884
888
886
889
887
891
894
892
893
895
897
890
896
898
900
899
903
901
902
904
906
909
907
905
910
912
908
915
913
918
911
916
914
919
921
917
922
924
920
923
925
927
928
926
930
933
929
936
931
932
934
937
935
939
940
938
942
945
943
941
944
946
948
951
947
949
952
954
950
955
958
956
961
959
963
964
966
962
965
967
969
970
968
973
971
975
974
978
980
981
982
979
953
957
972
984
987
983
986
960
988
989
991
993
992
994
996
995
976
998
990
1000
999
985
977
1002
1003
1006
1001
1004
1008
1007
1011
1009
1014
1012
1010
997
1013
1015
1017
1018
1019
1020
1021
1024
1026
1027
1025
1029
1028
1030
1032
1031
1033
1035
1034
1036
1038
1037
1041
1039
1040
1044
1042
1047
1045
1046
1048
1050
1049
1051
1053
1052
1054
1056
1055
1057
1043
1059
1058
1005
1016
1023
1065
1062
1022
1060
1063
1066
1061
1064
1068
1071
1069
1074
1067
1070
1072
1075
1073
1077
1076
1080
1078
1079
1084
1086
1083
1081
1082
1085
1087
1089
1088
1092
1090
1095
1093
1096
1094
1091
1098
1099
1101
1097
1104
1100
1105
1107
1102
1103
1108
1106
1110
1109
1113
1111
1116
1114
1112
1119
1117
1115
1122
1118
1125
1121
1120
1123
1126
1128
1124
1131
1127
1132
1134
1129
1130
1137
1135
1133
1138
1136
1143
1141
1140
1139
1142
1144
1146
1145
1149
1147
1150
1152
1151
1153
1158
1155
1148
