4
1
3
5
2
6
7
8
9
12
10
13
11
15
14
16
18
17
21
19
20
22
24
23
25
27
26
30
28
29
31
33
32
36
35
37
39
38
40
42
41
43
45
44
46
48
47
51
50
52
54
56
57
58
59
60
61
62
49
53
55
34
63
66
64
67
65
68
69
72
70
71
73
75
74
78
77
76
79
80
81
82
84
83
85
87
86
88
93
89
90
91
94
92
96
95
97
100
99
98
102
101
105
103
104
106
108
107
109
112
110
114
111
115
116
113
120
118
123
122
124
125
126
127
128
129
130
131
132
133
135
136
121
119
117
134
137
141
138
139
140
142
144
143
145
146
147
148
150
149
151
153
152
154
156
159
157
155
158
160
162
165
161
163
166
164
168
167
169
170
171
172
174
175
173
177
176
178
180
183
179
181
182
186
184
187
189
188
190
192
191
193
195
194
196
198
199
201
197
200
202
204
205
207
208
206
210
209
211
213
212
216
214
215
219
218
220
221
222
223
224
225
226
227
185
203
228
217
229
231
230
232
233
234
235
237
240
236
241
239
243
242
246
244
245
249
247
248
250
252
255
254
256
257
258
259
261
260
262
263
265
266
267
268
269
270
271
272
273
264
253
274
238
251
279
277
275
276
278
280
282
281
283
285
284
288
286
287
291
289
290
294
292
295
293
297
300
301
298
299
296
303
306
302
304
309
305
307
308
312
311
313
315
314
318
316
317
319
321
320
322
324
323
325
327
330
328
329
333
331
332
334
336
335
337
339
338
340
342
341
343
346
347
348
349
350
351
326
345
344
310
352
354
355
353
356
357
360
358
359
363
362
361
364
366
365
369
370
367
372
368
371
375
373
376
378
374
377
379
381
380
382
384
383
385
387
386
388
389
390
393
391
392
396
394
397
395
399
400
398
402
401
403
405
406
404
408
409
407
411
410
412
414
415
417
418
420
419
421
423
422
424
425
428
429
430
431
432
426
413
433
416
427
438
435
436
434
437
441
439
442
440
443
444
445
447
450
446
448
449
451
456
453
454
452
455
459
457
458
462
460
461
463
465
466
464
468
467
469
471
470
472
474
473
477
476
480
479
481
483
482
484
486
485
487
489
488
491
492
493
494
495
496
497
499
475
478
500
490
498
501
504
505
506
507
503
508
509
511
512
513
514
516
517
515
518
519
520
522
521
525
524
523
528
526
527
529
531
530
502
510
534
532
533
535
537
536
538
540
539
541
543
542
544
546
545
549
547
550
548
552
551
553
555
554
556
558
557
559
561
562
560
564
565
563
567
566
570
568
569
571
574
572
576
575
579
577
578
580
581
583
585
584
586
588
587
589
591
590
592
594
593
597
596
599
582
573
595
600
603
601
604
602
606
605
607
609
608
612
611
613
615
614
616
617
618
598
610
622
620
621
619
624
623
627
625
626
628
630
629
631
633
632
636
635
634
637
639
638
640
642
641
643
646
644
648
647
651
650
645
649
652
654
653
655
657
656
658
660
661
663
659
664
662
666
667
665
669
670
668
672
673
675
676
674
671
678
677
681
679
684
680
683
685
687
686
688
689
690
691
693
692
696
695
698
699
701
702
703
704
705
682
697
708
706
707
709
711
710
712
714
713
715
717
716
718
720
719
721
723
724
725
726
700
694
722
727
729
728
730
732
731
733
735
734
736
738
737
739
743
741
740
742
744
747
745
748
749
746
750
751
753
754
752
756
755
757
759
758
762
761
763
764
766
767
768
769
771
770
772
774
773
775
777
776
778
779
781
782
784
783
765
760
785
780
786
787
789
788
792
790
791
793
795
794
796
798
797
799
801
800
802
804
803
807
805
806
808
810
811
813
812
809
816
814
817
815
818
819
820
822
821
823
825
824
826
828
827
831
829
832
830
834
835
833
836
837
840
838
839
841
843
842
844
846
845
847
849
848
850
852
851
853
855
856
854
858
861
859
857
860
862
864
863
867
866
868
870
869
871
873
872
874
876
875
877
878
880
882
881
883
884
865
888
889
890
891
887
879
885
894
895
893
896
898
900
899
901
902
903
905
886
892
904
897
907
906
909
908
910
912
911
913
915
914
916
918
919
921
922
917
920
924
923
925
927
926
928
930
931
929
933
932
934
936
937
939
938
935
940
942
941
945
943
944
946
948
947
949
951
950
954
952
953
955
957
956
960
958
959
963
961
964
962
966
967
965
969
968
972
970
973
971
975
974
976
977
979
980
982
983
984
985
987
986
988
990
989
991
992
994
996
995
997
998
999
1000
1002
1001
1003
1004
1005
1006
1007
1008
993
978
981
1009
1011
1010
1014
1012
1013
1017
1015
1016
1018
1020
1019
1021
1023
1022
1024
1026
1029
1025
1027
1028
1032
1030
1031
1033
1035
1034
1036
1038
1039
1037
1041
1042
1040
1045
1043
1047
1046
1050
1048
1049
1053
1051
1054
1055
1056
1057
1059
1058
1060
1061
1062
1064
1066
1067
1044
1065
1052
1068
1071
1063
1069
1070
1072
1074
1075
1077
1073
1078
1076
1080
1079
1081
1083
1082
1086
1087
1084
1085
1089
1088
1090
1092
1091
1095
1093
1094
1096
1098
1099
1101
1097
1100
1102
1104
1103
1105
1107
1106
1108
1110
1109
1111
1113
1112
1116
1115
1117
1119
1118
1120
1121
1123
1125
1124
1128
1127
1130
1129
1126
1131
1132
1134
1133
1135
1137
1114
1122
1138
1139
1141
1136
1143
1142
1144
1146
1145
1147
1149
1148
1150
1152
1151
1155
1153
1154
1156
1158
1157
1161
1160
1162
1164
1163
1167
1165
1166
1168
1170
1169
1171
1173
1172
1176
1174
1175
1177
1179
1178
1182
1180
1181
1185
1183
1186
1187
1188
1189
1190
1191
1192
1140
1184
1159
1193
1194
1195
1197
1198
1200
1201
1199
1196
1203
1202
1206
1204
1207
1205
1209
1210
1208
1212
1211
1213
1215
1216
1214
1218
1219
1217
1221
1220
1224
1222
1225
1223
1227
1228
1226
1230
1231
1233
1229
1234
1232
1236
1235
1237
1242
1240
1238
1241
1245
1243
1248
1247
1249
1250
1251
1252
1253
1254
1246
1255
1256
1239
1244
1257
1258
1260
1259
1261
1263
1262
1264
1266
1267
1265
1269
1268
1272
1270
1271
1273
1275
1274
1278
1276
1281
1279
1280
1282
1284
1277
1287
1283
1285
1288
1286
1290
1289
1293
1292
1294
1296
1295
1297
1299
1298
1300
1302
1301
1303
1304
1305
1306
1307
1310
1311
1312
1313
1314
1315
1317
1318
1319
1320
1321
1316
1308
1323
1325
1326
1324
1309
1322
1327
1330
1328
1332
1333
1331
1335
1336
1334
1338
1337
1339
1341
1340
1342
1344
1343
1345
1346
1348
1350
1349
1351
1353
1352
1354
1355
1291
1356
1357
1358
1347
1329
1360
1361
1362
1363
1359
1365
1364
1368
1366
1367
1371
1369
1370
1374
1373
1375
1377
1378
1376
1379
1381
1382
1383
1384
1385
1387
1388
1389
1390
1391
1392
1393
1394
1395
1396
1397
1398
1399
1401
1400
1402
1403
1404
1405
1407
1380
1386
1406
1408
1372
1410
1411
1409
1413
1414
1416
1412
1415
1417
1419
1422
1420
1418
1423
1421
1425
1426
1424
1428
1427
1429
1431
1430
1432
1434
1435
1433
1437
1436
1438
1440
1441
1439
1443
1442
1446
1444
1445
1449
1447
1448
1451
1453
1450
1452
1454
1458
1457
1455
1459
1460
1461
1462
1463
1464
1467
1465
1468
1466
1470
1469
1471
1474
1475
1473
1472
1477
1479
1478
1480
1481
1483
1484
1485
1486
1487
1488
1489
1490
1491
1492
1493
1494
1495
1496
1456
1476
1482
1497
1500
1498
1501
1499
1503
1502
1504
1506
1507
1505
1509
1508
1510
1512
1513
1511
1515
1516
1518
1519
1517
1514
1521
1522
1520
1524
1523
1525
1527
1528
1530
1526
1529
1531
1533
1534
1536
1532
1537
1539
1540
1542
1541
1538
1543
1545
1544
1548
1547
1549
1551
1550
1552
1554
1553
1555
1557
1556
1558
1560
1561
1559
1546
1535
1562
1563
1566
1564
1565
1567
1569
1568
1570
1573
1575
1572
1571
1574
1576
1578
1579
1577
1581
1582
1584
1583
1585
1587
1590
1588
1589
1591
1593
1594
1595
1596
1597
1598
1599
1600
1602
1603
1601
1605
1604
1606
1607
1608
1609
1610
1611
1586
1592
1580
1612
1614
1613
1615
1616
1618
1620
1619
1621
1623
1624
1622
1625
1626
1627
1628
1630
1632
1633
1631
1635
1634
1636
1639
1637
1641
1640
1642
1644
1643
1645
1647
1646
1648
1649
1650
1651
1653
1654
1655
1656
1657
1658
1659
1660
1638
1652
1629
1617
1662
1663
1665
1661
1664
1666
1668
1667
1671
1669
1670
1672
1674
1675
1673
1677
1678
1680
1676
1679
1683
1681
1684
1686
1685
1682
1687
1689
1688
1692
1690
1691
1695
1693
1694
1696
1698
1697
1701
1699
1700
1702
1704
1703
1705
1707
1708
1710
1706
1709
1711
1713
1714
1712
1716
1717
1715
1719
1720
1722
1721
1718
1723
1725
1724
1728
1726
1727
1729
1731
1730
1732
1734
1733
1735
1736
1738
1740
1739
1741
1742
1744
1745
1746
1747
1749
1751
1752
1753
1748
1750
1737
1743
1754
1758
1755
1756
1759
1757
1760
1761
1762
1763
1764
1767
1765
1768
1766
1769
1770
1773
1771
1774
1776
1777
1775
1779
1778
1780
1781
1782
1783
1784
1786
1788
1787
1789
1791
1790
1785
1792
1793
1794
1795
1797
1772
1796
1799
1803
1802
1804
1805
1806
1801
1798
1800
1807
1808
1809
1812
1810
1811
1815
1813
1816
1814
1818
1817
1821
1820
1819
1823
1824
1825
1827
1826
1830
1828
1831
1833
1832
1834
1835
1836
1839
1837
1838
1842
1841
1822
1840
1829
1843
1845
1844
1848
1846
1847
1849
1851
1850
1852
1854
1855
1853
1857
1856
1860
1858
1859
1861
1863
1864
1862
1866
1865
1867
1869
1872
1870
1873
1871
1874
1876
1877
1878
1879
1881
1880
1884
1882
1883
1885
1886
1887
1888
1890
1889
1891
1892
1893
1894
1896
1895
1875
1868
1899
1900
1898
1901
1902
1903
1905
1904
1906
1908
1907
1897
1910
1911
1912
1914
1913
1915
1918
1916
1919
1920
1921
1922
1923
1924
1926
1925
1927
1929
1930
1928
1931
1933
1934
1936
1937
1938
1939
1940
1941
1942
1932
1909
1917
1935
1944
1943
1947
1945
1946
1948
1950
1949
1951
1952
1953
1954
1956
1955
1959
1957
1960
1958
1961
1965
1963
1964
1968
1967
1969
1970
1972
1974
1973
1975
1976
1977
1978
1979
1980
1981
1982
1983
1962
1984
1986
1987
1989
1988
1971
1966
1990
1985
1991
1992
1995
1993
1996
1994
1998
1997
2001
1999
2000
2004
2002
2003
2005
2007
2006
2008
2010
2011
2009
2013
2012
2014
2016
2015
2019
2017
2020
2018
2022
2025
2023
2021
2024
2026
2028
2029
2027
2031
2030
2032
2034
2033
2035
2037
2036
2038
2040
2041
2039
2043
2042
2046
2044
2047
2045
2049
2048
2050
2052
2053
2051
2055
2054
2056
2059
2058
2057
2061
2060
2062
2065
2064
2063
2067
2066
2068
2069
2070
2071
2073
2072
2074
2075
2077
2079
2078
2080
2082
2081
2083
2084
2086
2087
2088
2090
2092
2093
2094
2095
2096
2097
2098
2099
2100
2091
2076
2085
2089
2101
2103
2102
2106
2104
2105
2107
2109
2110
2108
2112
2113
2115
2111
2114
2118
2116
2119
2117
2120
2121
2124
2122
2123
2125
2127
2126
2128
2130
2129
2131
2133
2137
2135
2136
2139
2140
2138
2142
2141
2143
2145
2146
2148
2134
2147
2132
2144
2151
2149
2152
2150
2154
2155
2156
2158
2159
2161
2163
2164
2165
2166
2167
2168
2160
2162
2169
2172
2170
2171
2173
2175
2174
2176
2177
2179
2180
2181
2182
2184
2153
2157
2178
2183
2187
2185
2188
2190
2186
2189
2193
2191
2192
2194
2196
2195
2199
2197
2198
2202
2200
2205
2204
2208
2206
2207
2211
2210
2209
2212
2214
2213
2217
2216
2218
2220
2219
2221
2222
2223
2224
2226
2225
2227
2228
2229
2230
2231
2232
2215
2201
2203
2234
2233
2235
2238
2239
2237
2236
2241
2242
2243
2245
2247
2246
2250
2249
2244
2251
2253
2252
2254
2256
2255
2257
2259
2258
2260
2262
2240
2261
2248
2263
2265
2264
2266
2268
2267
2271
2269
2270
2272
2274
2273
2277
2278
2280
2276
2279
2283
2281
2282
2284
2286
2285
2287
2289
2288
2290
2292
2291
2293
2295
2294
2296
2298
2297
2301
2300
2302
2303
2304
2305
2307
2306
2308
2309
2311
2313
2312
2315
2316
2310
2314
2299
2275
2317
2322
2319
2318
2321
2323
2325
2324
2326
2328
2327
2329
2331
2330
2334
2332
2320
2333
2335
2337
2338
2336
2340
2341
2342
2344
2345
2346
2347
2348
2349
2350
2352
2351
2353
2355
2354
2356
2358
2357
2343
2359
2361
2360
2362
2364
2363
2367
2365
2368
2366
2370
2371
2339
2369
2372
2373
2376
2374
2377
2375
2379
2378
2380
2381
2382
2385
2383
2384
2388
2386
2389
2387
2390
2394
2392
2393
2397
2395
2396
2400
2398
2399
2403
2401
2402
2404
2406
2407
2409
2410
2411
2412
2413
2415
2414
2408
2418
2417
2391
2405
2416
2419
2421
2424
2422
2420
2423
2427
2425
2428
2430
2426
2429
2431
2433
2432
2434
2436
2435
2437
2439
2440
2438
2442
2441
2443
2445
2444
2448
2446
2447
2449
2451
2452
2450
2454
2453
2455
2457
2456
2460
2461
2459
2463
2462
2464
2465
2466
2467
2469
2468
2470
2472
2458
2473
2471
2475
2478
2474
2476
2477
2481
2479
2480
2482
2484
2485
2483
2487
2490
2486
2488
2491
2493
2492
2494
2496
2495
2497
2499
2498
2500
2502
2503
2504
2506
2505
2507
2508
2510
2509
2501
2489
2511
2514
2515
2512
2516
2513
2517
2518
2520
2519
2521
2523
2524
2522
2526
2525
2529
2527
2530
2528
2533
2535
2534
2536
2538
2539
2541
2540
2542
2543
2544
2545
2546
2547
2548
2549
2550
2551
2552
2553
2554
2556
2557
2531
2532
2537
2555
2558
2559
2562
2560
2563
2561
2565
2564
2566
2568
2567
2569
2571
2570
2572
2575
2577
2574
2576
2573
2578
2580
2579
2583
2581
2582
2584
2586
2585
2587
2589
2588
2592
2593
2595
2594
2596
2598
2597
2599
2600
2601
2602
2604
2603
2590
2605
2591
2607
2606
2610
2608
2613
2611
2609
2612
2616
2617
2615
2619
2622
2614
2621
2618
2624
2625
2628
2629
2630
2631
2632
2633
2620
2627
2626
2623
2637
2638
2634
2635
2636
2640
2639
2643
2641
2642
2646
2647
2645
2648
2650
2649
2652
2651
2653
2655
2656
2654
2658
2659
2657
2660
2661
2662
2663
2664
2665
2667
2668
2670
2669
2671
2673
2674
2675
2676
2677
2666
2644
2672
2679
2678
2682
2680
2681
2685
2683
2684
2686
2687
2691
2688
2689
2690
2692
2694
2693
2695
2697
2696
2700
2701
2699
2703
2698
2702
2705
2704
2706
2709
2707
2710
2708
2711
2712
2715
2713
2714
2718
2717
2721
2719
2722
2725
2726
2723
2720
2716
2724
2728
2727
2731
2729
2730
2733
2734
2732
2735
2736
2737
2739
2738
2740
2742
2741
2743
2745
2744
2746
2748
2749
2747
2751
2750
2754
2752
2753
2757
2755
2758
2760
2756
2759
2763
2761
2764
2762
2766
2767
2765
2769
2770
2768
2772
2771
2775
2773
2774
2776
2778
2779
2777
2781
2782
2780
2784
2783
2787
2785
2788
2789
2791
2792
2794
2796
2795
2797
2798
2799
2800
2801
2802
2803
2804
2805
2806
2808
2807
2809
2810
2811
2813
2814
2815
2790
2793
2786
2816
2817
2818
2820
2819
2812
2821
2823
2824
2822
2826
2825
2829
2827
2830
2828
2832
2831
2833
2835
2836
2834
2838
2839
2837
2841
2842
2840
2844
2845
2843
2847
2850
2848
2846
2851
2849
2853
2854
2852
2856
2857
2855
2859
2858
2862
2860
2863
2861
2865
2864
2866
2868
2869
2867
2871
2870
2872
2874
2877
2875
2880
2879
2881
2882
2883
2884
2885
2886
2887
2888
2889
2890
2891
2892
2893
2894
2895
2896
2897
2898
2899
2901
2900
2903
2904
2905
2906
2907
2876
2878
2908
2902
2873
2913
2910
2911
2909
2912
2916
2914
2915
2917
2919
2918
2920
2922
2925
2923
2921
2924
2928
2929
2927
2926
2931
2932
2930
2934
2933
2935
2936
2938
2940
2937
2939
2943
2941
2942
2944
2946
2945
2947
2949
2950
2948
2952
2951
2955
2953
2954
2956
2958
2957
2959
2961
2960
2962
2963
2964
2965
2966
2968
2970
2969
2973
2971
2972
2974
2976
2975
2979
2977
2978
2980
2982
2983
2985
2984
2988
2986
2987
2991
2989
2990
2967
2992
2993
2994
2997
2996
2995
2998
3000
3001
2999
3003
3002
3004
3006
3007
3005
3008
3010
3011
3012
3013
3015
2981
3014
3018
3016
3017
3019
3021
3020
3022
3024
3023
3025
3027
3026
3030
3028
3033
3032
3035
3036
3029
3037
3009
3039
3038
3040
3041
3042
3043
3045
3044
3046
3047
3048
3049
3052
3050
3054
3053
3055
3056
3057
3058
3059
3060
3061
3063
3064
3065
3066
3067
3068
3069
3070
3031
3062
3051
3034
3072
3071
3073
3075
3074
3078
3076
3079
3077
3081
3080
3082
3084
3083
3085
3087
3088
3086
3090
3089
3093
3091
3092
3096
3094
3097
3095
3099
3100
3102
3103
3101
3105
3104
3106
3108
3107
3109
3111
3110
3113
3115
3116
3117
3118
3119
3120
3121
3123
3122
3124
3125
3126
3127
3128
3129
3130
3132
3133
3112
3098
3114
3134
3135
3131
3136
3138
3137
3139
3141
3140
3142
3144
3145
3143
3147
3146
3148
3150
3151
3149
3154
3152
3156
3153
3155
3157
3159
3158
3160
3161
3165
3162
3163
3164
3166
3168
3167
3169
3171
3174
3170
3172
3173
3177
3175
3178
3176
3180
3181
3179
3182
3183
3184
3186
3185
3187
3189
3188
3190
3192
3193
3191
3195
3194
3198
3196
3199
3197
3201
3200
3204
3202
3203
3205
3207
3206
3208
3210
3211
3213
3212
3216
3215
3217
3218
3219
3220
3222
3221
3224
3226
3223
3209
3227
3214
3225
3228
3229
3231
3234
3232
3230
3235
3233
3237
3236
3238
3240
3239
3241
3243
3242
3244
3246
3249
3245
3247
3248
3250
3252
3253
3251
3254
3255
3256
3258
3257
3259
3261
3260
3262
3264
3263
3265
3267
3266
3270
3268
3269
3271
3273
3272
3274
3277
3279
3278
3280
3282
3281
3283
3285
3284
3288
3287
3289
3290
3291
3292
3293
3294
3296
3297
3298
3299
3286
3276
3275
3300
3301
3302
3304
3306
3305
3307
3309
3308
3295
3310
3303
3311
3312
3315
3313
3314
3316
3318
3321
3317
3319
3320
3322
3324
3327
3325
3323
3328
3330
3329
3331
3333
3332
3334
3336
3335
3337
3339
3338
3340
3342
3341
3343
3326
3344
3345
3348
3346
3347
3349
3350
3351
3352
3354
3353
3357
3356
3361
3359
3362
3363
3365
3366
3367
3368
3355
3369
3370
3364
3358
3360
3372
3375
3373
3376
3371
3378
3374
3377
3379
3381
3382
3380
3384
3385
3383
3387
3386
3388
3390
3391
3389
3393
3394
3396
3392
3398
3395
3399
3397
3400
3402
3403
3401
3404
3405
3408
3406
3409
3407
3411
3410
3413
3415
3417
3416
3418
3420
3421
3422
3423
3414
3412
3425
3419
3426
3424
3429
3427
3430
3428
3431
3432
3433
3435
3436
3434
3437
3438
3439
3441
3440
3442
3444
3443
3447
3445
3448
3446
3450
3449
3451
3453
3452
3454
3456
3455
3459
3457
3460
3458
3462
3461
3463
3465
3464
3468
3466
3467
3471
3469
3470
3472
3474
3473
3475
3477
3476
3478
3480
3481
3479
3483
3482
3484
3486
3487
3489
3485
3488
3490
3492
3493
3491
3495
3494
3496
3498
3499
3497
3501
3500
3504
3502
3505
3507
3503
3508
3506
3510
3509
3513
3511
3516
3514
3512
3517
3515
3519
3522
3518
3520
3521
3523
3525
3526
3524
3527
3528
3529
3533
3530
3532
3534
3537
3535
3536
3531
3538
3539
3540
3543
3541
3542
3544
3546
3545
3547
3549
3548
3552
3550
3551
3553
3555
3556
3554
3558
3561
3559
3557
3560
3564
3562
3565
3563
3567
3568
3566
3570
3569
3573
3571
3572
3576
3574
3577
3575
3579
3582
3580
3578
3581
3583
3585
3584
3586
3588
3587
3589
3591
3592
3590
3594
3595
3593
3597
3596
3598
3600
3601
3599
3603
3602
3604
3606
3607
3609
3605
3608
3610
3612
3615
3611
3616
3614
3613
3618
3617
3619
3621
3622
3620
3624
3623
3627
3628
3626
3630
3629
3633
3631
3632
3637
3636
3639
3638
3640
3642
3625
3643
3635
3641
3645
3644
3646
3648
3647
3634
3649
3651
3650
3652
3653
3654
3657
3655
3658
3659
3656
3660
3661
3663
3664
3666
3662
3665
3667
3669
3670
3672
3668
3671
3673
3675
3678
3676
3674
3677
3679
3681
3680
3682
3684
3685
3683
3687
3686
3688
3690
3689
3691
3693
3694
3696
3692
3695
3697
3699
3698
3702
3700
3703
3705
3704
3701
3710
3706
3707
3708
3709
3711
3715
3712
3713
3714
3716
3717
3718
3720
3719
3721
3722
3725
3723
3724
3726
3727
3730
3728
3731
3729
3732
3733
3735
3736
3734
3737
3740
3741
3738
3739
3742
3745
3743
3746
3744
3747
3748
3750
3751
3752
3753
3755
3749
3756
3754
3760
3757
3761
3758
3759
3765
3762
3763
3766
3764
3771
3768
3767
3770
3769
3775
3773
3772
3776
3774
3780
3777
3781
3778
3782
3785
3783
3784
3786
3787
3788
3790
3791
3789
3792
3795
3793
3794
3796
3800
3799
3801
3798
3797
3779
3803
3802
3806
3805
3807
3808
3804
3810
3811
3812
3809
3815
3813
3816
3814
3817
3820
3818
3821
3822
3819
3825
3823
3826
3824
3827
3830
3828
3831
3832
3829
3833
3835
3836
3834
3837
3840
3841
3838
3842
3839
3845
3846
3843
3847
3844
3850
3848
3851
3852
3849
3855
3856
3857
3853
3854
3861
3860
3859
3862
3865
3863
3864
3867
3869
3868
3866
3870
3858
3875
3872
3873
3874
3876
3878
3880
3879
3882
3883
3885
3884
3877
3871
3886
3881
3887
3890
3888
3891
3889
3892
3895
3893
3894
3896
3897
3900
3898
3901
3899
3902
3905
3903
3906
3904
3907
3908
3910
3911
3909
3912
3915
3913
3916
3914
3917
3920
3918
3919
3921
3922
3925
3923
3926
3924
3927
3930
3928
3931
3929
3932
3935
3933
3936
3937
3934
3940
3938
3941
3939
3942
3945
3943
3946
3947
3944
3950
3951
3948
3952
3949
3955
3953
3956
3954
3957
3960
3958
3961
3962
3959
3965
3963
3966
3967
3964
3970
3968
3971
3969
3972
3975
3973
3976
3977
3974
3980
3978
3979
3981
3982
3985
3986
3983
3984
3987
3990
3988
3991
3989
3992
3995
3993
3994
3996
3997
4000
3998
4001
3999
4002
4005
4003
4004
4006
4007
4010
4008
4011
4009
4012
4015
4013
4016
4014
4017
4020
4018
4021
4022
4019
4023
4025
4024
4026
4027
4030
4028
4031
4029
4032
4035
4033
4036
4037
4034
4038
4040
4041
4039
4042
4046
4045
4047
4043
4044
4050
4051
4048
4049
4052
4055
4053
4056
4054
4060
4057
4058
4059
4061
4062
4063
4064
4065
4066
4068
4070
4067
4071
4069
4072
4075
4074
4076
4077
4078
4080
4079
4082
4083
4084
4085
4086
4087
4088
4090
4089
4091
4092
4093
4095
4094
4096
4097
4098
4100
4099
4081
4073
